ID    Type     noDelv     Spd     totDist     Coeff 
1      N       1       6            35     41
2      N       2       7            43     57
3      F       1       6            27     33
4      F       1       7            27     34
5      F       2       8            38     54
6      V       1       4            25     29
-572662307             -572662307       -572662307            -572662307     1068969638
-572662307             -572662307       -572662307            -572662307     1068969638
-572662307             -572662307       -572662307            -572662307     1068969638
-572662307             -572662307       -572662307            -572662307     1068969638
5      F       3       5            63     78
6      F       2       4            42     50
7      F       3       6            63     81
8      V       3       5            63     78
-572662307             -572662307       -572662307            -572662307     1068969638
1      N       0       6            0     0
2      N       0       7            0     0
3      N       0       6            0     0
4      N       0       8            0     0
-572662307             -572662307       -572662307            -572662307     1068969638
6      F       1       3            53     56
7      V       0       10            0     0
1      N       0       5            0     0
2      N       2       9            54     72
3      N       1       6            37     43
4      N       1       8            17     25
5      N       0       5            0     0
-572662307             -572662307       -572662307            -572662307     1068969638
-572662307             -572662307       -572662307            -572662307     1068969638
-572662307             -572662307       -572662307            -572662307     1068969638
-572662307             -572662307       -572662307            -572662307     1068969638
10      V       0       8            0     0
11      V       0       8            0     0
